Agent	an	bn	lower Pn	Upper Pn
1	0.067	64	-146	0
2	0.047	79	-483	0
3	0.047	71	-750	0
4	0.053	62	-350	0
5	0.082	65	-782	0
6	0.052	83	-10	0
7	0.087	63	-13	0
8	0.057	81	-480	0
9	0.05	73	-493	0
10	0.052	69	-237	0
11	0.071	62	-1020	0
12	0.064	79	-411	0
13	0.057	60	-371	0
14	0.082	80	-462	0
15	0.069	78	-336	0
16	0.069	70	-208	0
17	0.086	62	-421	0
18	0.054	70	-309	0
19	0.078	66	-425	0
20	0.081	70	-14	0
21	0.059	71	-1656	0
22	0.089	80	-251	0
23	0.067	63	-86	0
24	0.055	75	-510	0
25	0.082	66	-459	0
26	0.088	70	-357	0
27	0.076	81	-155	0
28	0.084	61	-751	0
29	0.077	76	-209	0
30	0.051	79	-17	0
31	0.087	69	-321	0
32	0.063	62	-158	0
33	0.059	71	-57	0
34	0.077	17	0	1040
35	0.065	33	0	646
36	0.082	29	0	725
37	0.043	18	0	682
38	0.051	20	0	508
39	0.063	31	0	687
40	0.08	23	0	580
41	0.059	18	0	564
42	0.071	21	0	865
43	0.075	37	0	1100
44	0.085	25	0	792
45	0.06	17	0	681
46	0.057	38	0	846
47	0.079	28	0	955
48	0.054	36	0	582
49	0.089	38	0	658
50	0.047	19	0	1005
